30 100
10 7
2 4
20 10
6 5
17 27
13 19
29 22
6 7
3 1
30 7
1 13
20 3
15 5
26 14
17 29
9 16
30 15
9 30
15 6
5 22
7 8
3 25
16 7
5 23
21 19
1 7
22 17
20 17
13 28
23 11
19 16
4 8
14 23
24 13
7 19
8 10
19 12
10 2
11 16
23 24
11 15
1 24
14 12
17 6
25 11
4 26
21 4
30 1
14 17
5 18
20 13
7 21
12 29
8 17
28 24
14 8
18 30
27 18
13 9
18 21
23 16
23 21
14 18
29 11
15 8
28 10
3 22
6 10
19 26
3 8
21 9
21 27
10 16
26 8
30 4
26 17
8 19
4 16
30 13
6 3
6 30
3 19
19 11
18 24
17 18
15 29
26 3
27 20
1 28
1 27
3 28
28 30
7 18
22 1
19 2
11 26
4 23
17 7
30 17
2 18
10
