30 300
11 23
23 27
6 15
26 11
8 23
24 2
28 11
6 10
12 15
1 10
20 18
5 17
7 18
14 25
7 30
30 18
13 17
19 4
19 10
8 14
2 16
8 5
30 3
20 27
8 10
26 30
17 30
3 27
19 5
3 20
30 5
3 14
18 11
29 27
7 17
17 19
23 20
14 26
16 9
28 27
20 29
13 23
20 13
9 30
6 20
17 23
25 13
2 6
27 15
13 22
18 14
27 21
28 21
7 25
23 24
26 8
13 30
5 12
14 11
30 23
15 5
12 6
25 20
29 28
13 21
9 28
21 10
18 15
17 18
9 14
16 27
11 21
19 26
22 8
28 5
7 3
2 29
27 8
14 23
17 4
9 25
22 20
15 24
16 20
29 19
27 19
26 23
9 23
24 28
18 13
2 20
11 8
26 6
6 3
11 29
28 4
30 2
27 2
21 6
29 10
24 19
4 10
25 6
4 16
30 1
14 2
3 19
9 6
19 28
18 6
3 5
25 30
9 11
22 1
16 13
4 9
9 27
30 15
21 15
1 21
16 14
1 6
2 4
17 2
17 29
19 21
15 29
7 24
15 20
27 17
12 26
12 30
29 7
29 1
2 12
7 23
28 16
27 25
21 9
1 16
3 17
4 25
12 3
14 4
13 1
5 18
20 7
26 29
7 5
4 13
11 27
12 16
11 2
24 17
28 23
2 3
21 16
9 7
2 19
2 15
10 5
27 12
15 13
5 2
18 21
22 7
10 28
29 13
26 18
20 26
6 4
7 27
1 7
1 3
2 28
20 12
21 24
21 17
24 4
28 18
19 16
8 2
22 3
10 30
24 29
19 15
14 10
26 4
15 4
27 22
16 3
22 4
7 4
8 19
26 22
16 25
23 1
7 16
30 20
25 19
23 2
22 28
24 6
9 1
1 11
1 28
5 6
16 10
1 25
20 5
29 9
8 20
14 1
28 25
6 30
12 28
17 1
25 18
4 11
10 18
26 27
24 14
13 14
16 29
5 29
14 30
19 22
14 15
25 26
26 1
26 9
12 10
30 22
1 5
19 20
10 15
21 23
24 16
26 16
24 30
16 8
1 15
23 4
24 8
2 25
13 5
3 26
11 19
3 11
10 3
8 1
25 12
17 14
21 30
21 5
29 8
4 8
16 23
22 24
13 2
11 12
25 29
13 6
3 13
28 26
29 21
14 21
23 12
15 22
22 11
21 2
5 16
8 13
12 9
2 18
13 9
26 17
25 5
2 26
12 4
20 4
12 17
29 30
8 21
3 15
13 7
24 10
27 5
5 22
22 17
16 6
26 7
26 24
17 16
3 29
6 8
27 14
14 20
24 13
11 15
21
