30 300
16 13
8 16
15 11
16 12
5 8
9 26
1 25
4 27
5 6
18 20
11 4
9 27
24 26
4 18
21 29
25 18
26 27
18 21
28 3
22 28
26 23
10 8
2 25
21 27
18 3
24 16
17 29
8 3
7 27
18 23
5 19
25 26
26 3
6 8
26 16
21 8
27 3
19 30
30 15
6 4
13 24
11 20
24 9
5 10
8 28
19 13
14 27
17 9
6 24
7 2
25 23
17 26
9 18
11 29
21 13
29 30
7 13
25 4
24 3
25 24
17 14
25 29
14 30
18 27
14 21
10 4
13 10
30 26
17 8
19 2
25 12
24 30
24 5
15 18
16 23
4 17
24 8
9 4
8 20
30 23
18 11
17 21
8 13
12 21
20 16
16 6
2 9
12 10
10 11
21 7
5 11
25 13
15 28
2 11
7 1
29 7
17 18
23 15
19 26
1 16
20 12
13 14
6 10
15 5
27 28
7 8
28 14
3 9
26 12
12 2
10 3
3 21
27 23
7 5
22 21
5 18
12 15
8 30
16 14
12 5
15 1
26 5
1 6
15 3
30 16
20 23
5 23
1 12
17 13
6 11
18 13
11 1
30 3
3 5
5 9
10 7
19 17
27 5
23 10
2 6
28 16
22 17
20 30
11 12
11 7
11 30
29 9
10 21
3 12
27 11
19 7
4 22
23 24
21 6
13 29
3 25
18 22
27 12
15 24
15 26
17 30
13 9
20 27
17 5
22 27
16 21
12 23
3 2
29 3
26 6
1 24
23 29
4 23
10 17
7 20
28 29
26 22
11 16
26 20
1 10
2 26
9 14
9 11
18 12
10 27
18 30
3 19
3 7
19 23
27 8
29 18
26 28
5 30
24 20
7 9
16 10
28 23
19 28
18 16
10 9
1 20
30 27
12 19
6 19
1 18
5 29
7 22
3 11
13 4
26 7
21 2
5 25
24 2
12 4
14 25
6 28
12 22
4 24
19 4
5 1
14 18
7 12
1 26
3 23
16 3
20 5
24 21
22 1
27 19
17 11
5 4
30 1
4 30
27 29
20 25
14 5
4 7
9 6
21 1
28 10
2 17
23 14
25 28
8 2
15 10
22 5
20 2
19 18
21 15
27 24
17 25
30 7
5 21
22 24
2 13
27 15
6 22
10 18
4 1
16 22
3 20
8 4
20 28
1 19
5 2
19 25
30 12
11 21
15 14
28 24
16 9
26 18
13 26
25 11
15 22
25 22
13 11
14 1
11 28
3 1
6 3
15 13
2 14
19 20
26 11
19 24
25 10
12 8
6 15
26 10
28 21
23 11
3 22
10 24
5 16
8 14
19 15
15 2
15 20
7 28
26
