30 300
6 28
3 30
3 7
17 12
14 15
5 16
21 3
27 10
28 23
6 3
17 5
17 6
25 14
9 30
23 4
4 6
2 17
7 18
28 7
24 16
29 8
30 21
8 1
15 19
13 28
6 2
8 25
30 6
14 1
3 1
7 25
15 1
12 19
9 22
12 10
11 17
10 29
1 24
7 30
14 12
27 15
24 26
7 24
14 23
17 9
9 24
13 8
18 15
22 6
21 1
30 11
11 5
5 27
21 6
6 26
26 22
5 6
23 12
7 20
2 25
17 15
26 15
7 12
5 2
12 22
19 22
3 11
17 26
10 2
18 2
15 25
23 21
5 9
29 23
27 14
4 11
21 8
17 10
19 1
16 13
25 1
1 4
7 14
20 19
19 11
21 2
19 7
7 9
20 25
17 24
28 14
22 29
4 16
2 14
29 4
5 14
24 5
10 16
23 18
11 29
24 23
26 28
6 8
29 17
21 20
6 11
29 24
25 28
30 15
16 18
1 2
27 22
26 29
9 12
9 1
23 15
6 24
24 14
17 30
11 20
14 13
1 29
4 21
29 25
15 5
13 11
19 23
29 9
23 22
20 30
20 17
8 23
14 18
23 11
2 4
6 23
13 9
27 24
22 21
24 3
1 22
6 1
20 12
5 18
17 7
28 21
19 8
26 11
15 2
27 2
16 11
29 15
1 18
20 13
29 6
2 20
18 22
27 3
3 2
15 11
12 6
22 14
2 30
12 16
10 21
8 9
13 18
14 6
9 21
27 26
23 7
26 2
27 21
13 22
12 2
7 6
27 16
7 27
25 27
15 7
21 14
26 9
9 15
2 16
13 5
28 9
12 24
27 1
12 3
26 25
10 20
13 26
30 4
28 27
26 23
19 21
24 30
3 17
12 29
27 29
26 7
4 8
2 7
7 29
20 9
14 10
16 19
3 19
14 17
20 22
23 10
27 4
8 5
22 24
30 27
7 5
5 20
3 16
24 21
5 3
2 9
10 19
30 1
11 27
4 19
16 14
10 9
9 3
15 12
23 5
25 19
25 13
11 1
28 15
25 22
20 15
14 26
27 13
30 16
20 28
8 20
27 20
28 29
7 11
17 22
13 7
4 10
7 8
14 9
18 3
21 11
3 28
25 10
24 2
30 25
18 30
21 13
12 18
2 28
16 8
9 25
27 12
21 26
11 14
15 13
4 17
15 6
24 15
15 8
5 26
4 7
17 28
8 14
3 22
18 19
3 25
21 15
15 3
18 6
7 21
24 18
24 25
30 8
2 8
5 30
14 4
8 3
19 6
8 27
16 21
17 19
19 30
25 16
28 19
16 17
9 23
29 16
8 22
4 25
11 24
2
