30 300
25 28
24 30
12 4
9 28
1 13
14 15
25 16
6 8
1 26
5 17
9 6
30 18
26 20
10 16
26 18
5 1
13 17
26 24
14 10
30 12
13 6
25 26
7 13
19 14
8 3
27 11
13 4
21 8
22 9
11 9
13 16
25 22
9 3
14 11
5 21
6 4
1 15
12 14
1 11
28 20
16 21
30 4
3 2
18 3
21 2
29 12
6 18
1 30
20 1
1 7
19 4
25 27
22 13
8 1
17 15
14 1
20 25
11 22
7 24
4 11
9 19
7 30
20 18
9 24
7 18
28 18
4 17
20 2
22 3
16 4
8 20
3 13
9 4
2 16
10 15
12 13
19 29
26 7
7 5
6 26
29 4
3 30
25 14
8 7
19 17
24 19
28 10
21 11
12 15
17 14
2 11
19 25
10 21
23 21
17 21
18 15
14 2
28 16
18 25
30 27
12 25
7 22
22 19
14 13
26 2
30 10
7 9
27 12
14 5
10 12
28 6
18 22
25 30
8 10
4 3
12 17
7 11
22 27
29 7
21 30
23 8
16 7
15 8
20 6
30 26
10 2
8 5
23 15
22 20
7 19
15 22
28 21
5 6
12 23
26 23
19 18
17 1
13 9
15 16
12 5
16 11
7 20
25 5
20 15
21 24
6 17
6 29
17 22
29 18
23 17
13 10
28 8
15 4
24 20
28 12
6 30
14 3
24 3
3 19
23 29
28 27
22 24
9 21
22 26
24 23
28 5
23 27
30 11
5 24
2 27
1 10
22 21
17 16
23 5
9 17
8 13
12 22
1 24
20 14
28 14
16 18
24 2
10 5
29 3
2 23
12 8
25 1
1 6
26 19
17 3
5 4
15 5
27 24
8 11
4 18
7 4
24 11
25 29
23 20
28 22
10 26
2 29
27 15
4 23
1 23
8 19
5 2
29 1
9 20
2 9
28 29
12 6
21 6
13 26
24 17
8 22
16 12
25 6
6 15
7 12
25 10
18 23
13 21
18 21
25 13
1 18
9 8
25 3
30 28
11 28
6 11
29 20
2 8
30 8
15 13
26 29
22 29
26 4
25 2
29 17
4 25
10 17
21 15
29 21
22 10
19 16
28 15
28 26
9 12
19 23
3 15
7 6
10 20
23 22
5 16
10 3
21 12
24 16
11 15
23 11
2 28
12 18
6 19
18 13
19 27
10 6
5 9
20 11
23 10
26 21
17 18
13 24
26 5
22 6
18 10
18 24
26 11
15 25
15 30
14 8
29 14
30 13
4 14
9 29
8 29
1 16
4 22
3 6
15 24
12 2
16 29
27 1
12 3
12 26
26 27
29 30
26 9
1 3
15 26
14 9
5
