30 300
24 21
24 15
23 1
11 3
23 22
4 25
23 2
20 19
8 17
29 21
16 7
12 8
19 22
17 27
14 18
22 15
17 19
3 17
2 17
30 25
27 22
22 6
11 13
15 23
18 15
25 29
28 3
15 9
23 24
28 16
19 26
28 1
29 22
28 26
25 7
19 8
23 19
19 21
27 1
24 27
11 4
1 6
4 2
27 15
5 1
14 13
2 11
22 26
14 10
28 24
13 9
21 18
12 30
21 13
20 12
25 10
3 18
10 4
12 15
12 10
16 30
29 16
14 5
29 5
27 2
29 23
10 28
22 14
21 7
29 2
13 1
14 23
7 1
7 13
15 4
27 13
19 4
4 22
29 30
11 8
15 28
25 17
9 6
17 10
10 19
17 12
12 1
13 16
27 29
12 16
17 11
30 18
22 7
5 20
16 27
19 15
9 14
1 22
19 7
8 3
11 23
6 16
23 9
1 19
27 5
17 7
24 5
26 25
5 9
18 22
18 26
7 14
21 12
13 22
23 6
27 11
20 28
11 18
20 1
15 1
25 14
4 3
3 29
24 30
2 3
1 29
20 26
11 19
26 8
14 26
14 6
10 24
16 8
8 18
20 29
11 6
10 3
14 29
15 6
16 24
19 9
18 28
25 8
26 27
27 7
17 18
23 13
6 26
1 14
21 20
7 3
21 2
15 26
28 19
28 30
8 27
25 27
2 12
28 8
28 5
29 24
30 9
27 30
19 2
10 30
16 14
17 30
9 8
26 10
11 14
24 1
16 23
13 25
10 9
24 14
17 4
15 7
7 29
21 11
12 24
5 12
9 16
2 26
12 27
15 14
27 19
3 16
30 4
12 9
6 12
21 27
10 5
18 16
19 13
17 1
14 30
18 25
14 2
14 19
4 23
7 9
15 5
11 29
11 28
6 2
23 7
25 5
4 9
1 10
8 5
5 7
15 11
16 25
20 2
4 21
17 24
21 15
2 8
11 20
15 29
4 6
6 7
15 16
12 25
13 3
21 5
13 18
26 24
23 20
12 19
17 15
9 2
30 1
3 9
13 20
22 24
6 19
25 1
18 1
14 17
27 23
29 9
15 30
30 6
26 29
5 23
23 28
13 28
24 20
21 25
10 18
30 11
22 20
20 14
27 10
3 21
9 11
11 7
25 23
18 27
4 5
16 17
20 25
17 28
12 4
6 18
15 8
9 27
4 24
8 22
12 7
24 2
21 10
5 6
2 13
2 5
5 18
5 13
16 4
27 4
18 12
4 29
14 21
2 16
6 24
15 20
27 3
18 2
28 27
6 3
13 4
28 9
30 22
14 27
9 17
4 26
20 27
21 30
7 26
11 25
5
